51
56
17
738
31
30
1255
14
30
50
28
12
461
32
43
8
90
36
29
6
50
4
4
8
4
4
4
5
3
9
4
3
4
5
4
3
4
3
4
6
4
3
3
4
3
4
4
4
4
8
4
4
4
4
519
4
5
3
4
4
4
3
4
3
8
10
4
4
10
4
9
4
2842
3
4
10
9
3
6
3
5
3
4
8
4
3
6
8
5
4
3
4
4
3
4
4
3
10
4
4
4
6
8
3
4
5
5
4
5
4
5
3
5
6
4
7
3
6
4
4
6
4
4
4
4
4
3
4
4
4
5
4
4
6
4
3
3
4
3
5
4
8
4
4
4
9
5
72
71
64
64
88
84
78
237
70
65
73
77
57
50
69
52
78
70
77
74
135
79
86
65
78
129
472
417
0
489
100
402
9
469
49
488
486
490
0
9
297
31
420
516
11
590
0
424
366
471
314
273
486
822
2438
405
399
496
0
504
501
325
155
111
133
125
131
162
150
112
149
125
146
153
96
143
1328
115
132
159
107
97
150
147
141
159
112
127
122
128
162
120
121
119
115
122
133
147
150
97
126
158
147
315
342
448
167
1645
295
213
357
224
342
445
376
352
356
183
86
191
0
227
315
77
227
681
686
177
231
377
260
290
9
379
378
197
353
377
379
930
296
166
686
286
133
7
350
125
33
7
395
1645
140
324
150
1
165
322
316
323
310
6
6
3
3
1015
6
7
3
3
5
6
3
3
4
7
3
5
6
7
24
27
7
16
27
24
3
11
6
22
17
6
3
17
20
21
23
27
27
8
12
20
23
10
15
15
24
6
24
20
27
10
10
24
17
24
10
23
15
7
28
22
16
13
14
20
17
8
9
21
20
6
15
25
1436
0
70
617
555
395
755
402
608
665
750
612
663
1430
765
2358
1326
643
636
1176
2161
552
401
861
912
707
493
388
24
5
8
10
10
10
10
2801
6
7
15
3
9
5
9
9
6
8
9
9
23
10
11
7
38
3
7
9
9
3
13
7
360
7
7
3
3
7
6
7
5
172
179
171
176
184
182
177
184
182
182
171
175
178
181
171
177
187
183
181
174
170
174
184
176
183
185
178
175
174
177
174
188
170
177
170
172
185
183
174
175
180
174
172
174
171
171
175
171
178
178
182
176
183
180
176
177
183
181
178
186
185
183
183
184
182
171
185
171
182
179
184
176
173
170
180
185
170
176
174
170
175
185
178
178
185
173
174
175
174
176
175
181
171
170
176
170
177
185
179
175
172
175
178
182
176
175
181
184
182
181
172
179
176
170
181
177
170
170
185
175
176
183
179
177
170
172
184
181
170
177
177
172
183
183
178
175
180
171
185
181
176
184
178
185
185
177
183
184
170
175
182
171
181
184
170
181
187
177
176
2941
181
184
183
174
173
185
176
185
174
177
181
