-2807
-98
0
-80
-37
0
322
-157
-54
-110
-61
0
-16
-1
-53
0
80
0
-55
-14
0
-113
0
-1
-61
38
-61
-1
38
38
-61
-61
-61
-61
38
-61
-1
-61
-1
38
-61
-1
-61
38
38
38
0
0
-61
-61
38
0
-1
-61
-1
-61
-61
0
-61
38
188
38
38
-61
38
38
38
0
38
38
-61
38
0
0
38
-61
38
0
-1
0
38
-1
38
38
38
-1
38
0
38
-1
-61
0
0
38
-61
0
38
-61
-61
-61
-61
38
38
-61
0
38
-1
0
38
-61
38
0
38
-61
-61
38
-61
-61
-61
38
0
0
-61
-61
-1
38
0
0
0
-125
-110
-97
263
-110
-110
0
-167
0
-110
-110
386
-167
229
-81
0
0
-154
0
-638
-129
-97
0
-34
1940
0
-162
0
341
-5266
-154
89
60
274
274
0
0
1740
133
-28
0
6
274
-12
0
54
54
54
0
0
0
0
274
274
2793
-25
532
28
-8
0
2726
274
0
0
44
0
229
-35
0
0
274
163
200
274
0
239
-62
-6
-197
13
-118
0
274
-569
-314
33
177
2
0
0
-21
0
2010
-21
-719
1
36
-332
105
105
97
21
0
-21
9
0
0
-4874
0
32
-96
-61
105
-21
45
33
-21
268
32
0
32
0
0
-122
-191
0
0
0
-74
0
110
0
0
40
-80
0
0
0
0
0
0
0
110
0
0
7
-571
0
0
274
-100
0
-84
0
-52
27
0
56
0
0
0
0
0
0
0
1252
0
0
0
2449
0
0
0
-84
0
0
0
2648
-4
3017
2704
0
0
0
0
-116
-116
-116
-39
-116
-28
-116
-28
-116
-28
-28
-116
-116
-28
-116
-28
-39
-116
-116
-126
-116
-116
-86
-116
-28
-116
0
-28
-18
-116
-61
-116
336
32
-28
-116
-116
-116
-28
-28
13
-28
-28
-28
66
2600
172
-28
191
-28
-116
-28
-28
-116
-28
-78
-18
-28
-28
-116
-28
-28
32
-28
-57
94
-116
-116
-28
-28
-28
-28
-116
193
-55
-116
2084
-474
0
