-6848
-72
0
71698
11269
0
-731
-544
4557
-497
67084
0
7454
1382
-1764
0
-479
0
137
7221
0
-3665
0
-2534
-2594
-2495
-2594
-2534
-2495
-2495
-2594
-2594
-2594
-2594
-2495
-2594
-2534
-2594
-2534
-2495
-2594
-2534
-2594
-2495
-2495
-2495
0
0
-2594
-2594
-2495
0
-2534
-2594
-2534
-2594
-2594
0
-2594
-2495
-4636
-2495
-2495
-2594
-2495
-2495
-2495
0
-2495
-2495
-2594
-2495
0
0
-2495
-2594
-2495
0
-2534
0
-2495
-2534
-2495
-2495
-2495
-2538
-2495
0
-2495
-2534
-2594
0
0
-2495
-2594
0
-2495
-2594
-2594
-2594
-2598
-2495
-2495
-2594
0
-2495
-2534
0
-2495
-2594
-2495
0
-2495
-2594
-2594
-2495
-2594
-2594
-2594
-2495
0
0
-2594
-2594
-2534
-2495
0
0
0
7661
-497
-484
240
-497
-497
0
-554
0
-497
-497
527
-554
22
-2377
0
0
-541
0
-16742
-166
-484
0
40772
3071
-783
-549
0
76
-24677
-541
7637
-40
-2426
6742
0
0
1709
64178
9165
0
-3556
2342
11
0
54
54
54
0
0
338
0
-2027
-2449
83054
-92
-26883
1717
34268
338
82255
2364
0
0
429
0
70310
8904
0
0
1933
-911
64948
2049
0
46374
8715
-1676
-142
67853
2593
0
2764
-1919
-6979
-265
-1641
-5252
0
0
-1008
0
3323
-1008
-2270
-52
-918
-1659
205
-160
-2436
-564
0
-1008
-4333
0
0
-15128
0
-100
2663
-2598
197
-1008
188
-272
-1008
-1373
18526
0
74
0
-344
-2986
-410
496
0
0
471
0
3419
-9
0
75203
-2914
0
0
0
0
0
0
0
51725
0
0
-922
-1378
0
0
2351
-763
0
-699
-7350
-1047
331
0
75184
754
0
0
0
0
0
0
-19612
0
0
-7350
306840
0
0
0
-3524
0
-9
0
22786535
-37
79045
82144
0
0
0
9056
-30965
-27613
-30945
-32217
-27689
-37142
-36202
-37407
-30856
-31922
-32180
-30937
-30963
-32022
-30374
-32082
-31793
-30958
-30890
-5261
-30855
-29306
32187
-31017
-32186
-30931
-26
-31949
-524
-31063
-2594
-30976
511
62
-33068
-31066
-30871
-30863
-31907
-37178
74
-31845
-31293
-31952
44
2067
486
-37153
-361
-31890
-30976
-37366
-32766
-30905
-31899
-6594
-524
-31959
-32795
-30838
-31931
-31911
112
-37246
37325
129
-30989
-30939
-37162
-32225
-32191
-32016
-31033
-337
34770
-30910
81555
-2908
0
