16
1012
55
245
103
1
111
1
1
80
11
58
11
11
11
13
6469
14
45
20344
10
53
13
2
6
18
3
6
153
209
461
413
10
333
109
283
520
380
328
170
1
1
122
193
1
4
235
423
593
328
8
38
10
2
1
17
1
1
2
3
1
7
4
3
11
7
1
2
8
2
106
6
8
1
136
6
9
24
3
3
7
8
3
8026
21
2
13
1
2
5
1
4
12
1
89
1
1
1
4
1
35783
1
2
1
4
303
56
1
1
1
130
2
1
1
1
1
3
16
1
7
1
1
234
7
3
3
4
16
11
34
43
3
13
5
5
2
5
26
291
17133
1
5
45
4
41
56
11
44
7
1016
16
17133
2
4
15
43
4
7
1
27
234
4
14
1
1
48
43
40
40
606
3
2
46
44
4
10
34
33
42
68
5
53
1
9
49
72
6
78
27
63
3
4
2
1
2
55
62
1
4
111
5
8
2
62
50
6
52
18
35
3
1
410
176
23
2
32
151
151
366
184
2
75
248
12
147
160
54
54
49
49
5
43
3
3288
60
41
1
3
64
44
64
1
52
34
52
45
11
1
1
39
1
37
5
43
38
37
7
43
1
5
38
2
42
36
7
2
2
2
32
38
12
41
1
40
4
35
2
7
6
10
33
5
6
1
44
1
34
7
47
39
33
37
37
40
6
42
38
34
1
36
1
1
53
2
14
1
35
2
39
33
7
1
1
15
42
33
6
35
5
1
8
39
40
2
1
43
10
37
40
33
5
1
34
43
6
4
42
40
6
1
35
38
39
7
2
28
1
5
60
5
1
8
40
35
3
2
7
43
35
52
41
39
7
3
1
38
41
7
3
7
52
3
43
6
33
36
2
2
37
30
33
1
2
36
2
6
39
30
43
40
31
1
1
6
5
37
42
5
2
6
36
2
2
18132
12
1
59
3
43
35
2
38
19
3
35
2
38
5
36
2
28
3
39
4
1
32
4
48
3
39
3
37
41
1
40
35
37
33
3
34
2
4
41
37
1
