1
1
1
1
1
1
1
1
2
2
2
2
2
2
2
3
3
3
3
3
3
3
4
4
4
4
4
4
5
5
5
5
5
5
6
6
7
7
7
7
7
7
8
8
8
8
8
9
9
9
10
10
10
10
10
10
11
11
11
11
13
13
13
13
13
14
14
14
15
15
15
16
17
17
17
17
17
17
17
18
18
18
19
19
19
19
20
21
22
23
23
24
24
25
25
26
28
28
28
29
29
29
29
30
31
31
31
32
32
32
33
34
34
35
35
36
38
39
39
40
41
42
42
43
43
43
43
44
45
46
50
51
52
52
52
52
53
54
55
56
56
56
57
57
57
57
59
60
60
61
61
61
63
63
63
63
63
63
67
68
69
71
72
72
73
76
78
79
80
81
81
81
82
82
82
84
84
84
85
87
88
89
89
90
91
93
95
95
96
99
99
99
103
110
111
112
113
114
116
118
119
119
120
121
126
130
131
131
132
132
133
136
136
136
141
142
142
142
143
143
144
145
148
152
152
153
154
154
157
161
163
163
163
168
168
168
169
170
172
174
174
175
176
177
178
179
181
183
183
187
187
188
190
192
193
195
198
200
206
207
212
216
216
218
221
223
226
229
230
230
232
233
233
236
236
244
246
246
248
250
250
250
252
253
253
255
255
256
257
259
260
260
264
265
267
267
270
271
271
271
275
285
286
288
290
307
307
308
308
308
309
311
311
312
322
323
327
327
328
330
331
335
341
343
343
345
346
346
348
351
352
360
364
366
369
371
371
374
377
377
379
381
383
387
389
395
404
406
408
415
422
422
423
426
428
431
431
433
434
442
449
457
459
464
467
471
474
476
477
477
478
480
484
488
492
492
492
498
502
504
505
506
507
507
510
512
527
528
534
536
538
544
544
545
553
557
559
564
565
574
587
589
608
609
610
613
617
627
634
634
650
653
655
657
658
663
664
666
669
671
672
675
680
682
691
706
709
712
715
716
718
719
725
728
734
737
742
744
744
752
754
756
765
765
768
783
784
793
794
794
810
814
825
834
847
851
855
872
883
884
888
894
895
896
900
904
911
917
931
944
946
947
952
983
984
994
999
1015
1023
1037
1065
1068
1092
1097
1100
1105
1106
1106
1108
1112
1116
1118
1135
1137
1139
1146
1167
1190
1192
1215
1221
1234
1235
1266
1277
1278
1282
1287
1310
1311
1322
1327
1328
1337
1343
1404
1405
1416
1443
1446
1447
1488
1491
1492
1506
1509
1516
1516
1519
1537
1539
1545
1552
1552
1556
1568
1584
1584
1585
1639
1653
1655
1665
1696
1715
1718
1725
1735
1753
1758
1762
1769
1776
1816
1827
1833
1883
1915
1952
1955
1967
2045
2057
2062
2068
2085
2099
2142
2156
2163
2181
2194
2284
2407
2426
2460
2512
2533
2577
2582
2655
2658
2738
2741
2867
2881
2898
2982
3045
3159
3283
3422
3424
3505
3535
3616
3620
3757
3791
3853
4043
4293
4313
4485
4551
4573
4719
4803
4954
5189
5784
5998
6247
6331
6515
6854
8344
8644
8647
9623
9999
11195
11216
11996
21134
26580
31064
39514
68018
81058
231856
