-764
-162
-131
42
0
26
0
0
0
-17
7
-20
-7
-11
-29
-1692
-11
-12
-1250
-15
-67
-5
-1
-4
-10
0
0
-1
-59
-353
-339
0
-200
-47
-66
-359
-354
-357
-155
0
0
-35
-2
0
0
-36
-269
-71
-356
-2
-7
0
0
-3
-5
0
-3
0
0
0
-2
0
0
-1
5
-1
0
0
0
-16
-1
0
-2
-46
0
-2
0
0
-1
0
0
0
-1615
-5
0
-3
0
0
0
0
0
-4
0
-6
-2
-2
0
-2
0
-1579
0
0
-1
0
-145
0
0
0
-1
-19
-2
0
-3
0
0
-3
0
-7
-18
0
0
-25
0
0
-1
0
0
0
-7
-4
-6
0
-4
0
0
-1
-8
-61
1710
0
-15
-6
-19
-8
-8
-1
-7
0
557
-1
1710
0
-5
-4
-4
0
-7
0
0
-25
0
-7
0
0
-4
-1
-7
-16
-94
-2
0
-1
-32
-2
0
-10
-6
-9
7
0
-11
-2
0
0
0
0
0
-18
0
0
-1
-1
0
0
0
-8
-3
-1
-1
-2
-19
-2
-1
-4
-1
-10
0
0
0
0
-23
-89
-5
0
0
1
-4
-91
-140
0
2
-14
-5
-10
-9
-11
7
-1
-2
-1
-1
-2
-287
0
-12
0
-1
0
-1
0
0
-1
-7
0
-1
-4
0
-2
-5
0
-4
-2
-2
-3
-5
-3
-5
-2
-2
-2
-4
-7
-3
-2
-3
-2
-1
-6
-3
-2
-3
-2
-2
-4
-5
-4
-3
0
-3
-5
0
-2
-10
-3
-6
-2
-3
-7
-4
-3
-3
-6
-5
-2
-6
-3
-4
-3
-4
-3
0
-6
-3
-3
-2
-3
-3
-1
-5
-1
-3
-2
-2
-5
-5
-2
-2
-4
-2
-3
-3
-2
-2
-2
-3
-3
-3
-2
-3
-1
-2
-3
-6
-3
-1
-5
-3
-2
-2
-3
-2
-4
-2
-2
-5
-1
-3
-4
-2
-2
-2
-2
-3
-2
-1
-2
-2
-3
-5
-2
-4
-1
-4
-2
-2
-2
-2
-3
-2
-4
-2
-3
-2
-6
-4
-2
-2
-6
-1
-2
-2
-1
-6
-2
-2
-3
-5
-4
-1
-2
-2
-2
-2
-3
-3
-3
-2
-2
-3
-4
-2
-3
9591
-2
-4
-14
-3
-5
-4
-3
-5
-3
-2
-3
-4
-4
-2
-3
-2
-5
-2
-5
-2
-2
-3
-3
-5
-2
-2
-1
-2
-4
0
-3
-2
-4
-2
-1
-1
-2
-2
-8
-2
-3
