1776
217
376
61
1
85
1
1
1
80
28
1
51
31
18
22
42
8161
25
57
21594
25
1
120
18
3
10
28
3
6
154
268
814
752
10
1
533
156
349
879
734
685
325
1
1
157
195
1
4
271
692
664
684
10
45
10
2
4
22
1
4
2
3
1
9
4
3
12
2
2
2
8
2
122
7
8
3
182
6
11
24
3
4
7
8
3
9641
26
2
16
1
2
5
1
4
16
1
95
3
2
3
1
1
6
1
37362
1
2
2
4
448
56
1
1
2
149
4
1
4
1
1
1
6
16
8
25
1
1
259
7
3
4
4
16
11
1
41
47
9
13
9
5
1
5
2
6
34
352
15423
1
20
51
23
49
64
12
51
7
459
17
15423
2
9
19
47
4
14
1
27
259
4
21
1
1
52
44
47
56
700
5
2
47
76
6
1
10
44
39
51
61
5
64
3
9
49
72
6
78
45
63
3
5
3
1
2
55
70
4
5
1
112
7
27
4
63
54
7
62
18
35
3
1
433
265
28
2
32
150
155
457
324
2
73
262
17
157
169
65
47
50
51
6
44
5
3575
60
53
1
4
64
45
64
1
53
41
52
46
15
1
3
44
1
41
7
45
41
42
10
48
3
7
40
6
49
39
9
5
4
3
38
41
14
2
44
3
42
8
40
6
7
10
6
13
38
5
8
11
47
7
36
10
54
43
36
40
43
45
8
48
41
38
4
40
4
1
59
5
17
3
38
5
40
38
8
4
3
17
47
38
8
37
9
3
3
11
42
42
4
3
46
13
40
42
36
6
3
37
49
9
5
47
43
8
3
38
40
43
9
4
33
2
8
64
7
3
10
42
38
5
3
9
45
38
57
43
43
8
7
3
40
43
9
6
9
56
5
46
8
39
40
4
2
4
43
31
35
3
3
42
4
2
8
42
35
47
41
33
2
3
3
8
8
40
45
7
5
4
9
40
4
5
8541
14
5
73
6
48
39
5
43
22
5
38
6
42
7
39
4
33
5
44
6
3
35
7
53
5
41
4
39
45
1
43
37
41
35
4
35
4
6
49
39
4
